174
118
340
118
318
224
612
136
316
220
534
224
496
354
854
176
300
236
436
208
364
276
540
244
360
332
484
368
388
408
368
372
408
348
440
404
476
356
344
348
300
316
356
348
328
320
320
296
276
292
296
292
264
296
276
268
252
256
268
228
228
176
164
168
172
192
172
188
184
200
204
236
220
220
216
204
220
192
196
188
200
208
228
244
248
244
240
304
252
276
280
304
300
324
340
316
284
304
296
280
280
276
288
296
260
288
260
288
280
284
304
304
288
304
284
296
332
312
292
320
316
340
392
356
372
308
312
316
344
312
308
288
312
280
240
256
260
252
292
244
260
268
264
280
252
280
240
272
280
300
304
336
360
324
336
352
296
308
332
352
336
316
324
356
316
352
316
320
268
284
260
260
248
260
264
264
264
268
288
280
280
268
268
244
252
240
252
236
236
248
252
256
248
264
264
252
264
268
272
284
