84
58
160
58
138
104
252
76
136
100
174
104
136
114
134
104
128
104
116
88
88
80
84
64
76
56
52
52
52
56
60
72
64
80
72
72
84
68
80
68
76
72
56
48
56
64
76
64
72
92
84
72
88
112
96
116
92
124
88
80
84
104
104
88
104
80
92
96
76
116
96
76
76
84
100
96
104
96
80
44
36
32
32
40
56
48
88
64
128
84
124
100
116
112
124
80
120
64
64
76
60
48
48
48
0
0
0
0
0
0
0
0
0
0
0
0
0
0
0
0
0
0
0
0
0
0
0
0
0
0
0
0
0
0
0
0
0
0
0
0
0
0
0
0
0
0
0
0
0
0
0
0
0
0
0
0
0
0
0
0
0
0
0
0
0
0
0
0
0
0
0
0
0
0
0
0
0
0
0
0
0
0
0
0
0
0
0
0
0
0
0
0
0
0
0
0
0
0
0
0
