144
98
280
98
258
184
492
116
256
180
414
184
376
274
614
156
240
196
316
168
244
196
300
204
240
244
276
280
252
304
280
268
308
192
188
176
224
172
196
172
160
204
180
184
216
192
216
148
144
144
144
152
152
168
168
200
168
172
180
184
184
176
176
188
212
204
260
200
216
212
236
236
276
240
260
248
252
264
276
252
272
288
252
256
296
244
244
288
256
244
248
188
160
148
144
164
140
208
136
112
92
92
92
92
0
0
0
0
0
0
0
0
0
0
0
0
0
0
0
0
0
0
0
0
0
0
0
0
0
0
0
0
0
0
0
0
0
0
0
0
0
0
0
0
0
0
0
0
0
0
0
0
0
0
0
0
0
0
0
0
0
0
0
0
0
0
0
0
0
0
0
0
0
0
0
0
0
0
0
0
0
0
0
0
0
0
0
0
0
0
0
0
0
0
0
0
0
0
0
0
