234
158
460
158
438
304
852
176
436
300
774
304
736
514
1334
216
420
316
676
288
604
436
1020
324
600
492
964
528
868
728
1312
468
604
504
680
524
628
572
644
560
608
556
612
572
548
544
548
520
468
568
472
492
420
464
412
428
420
396
408
380
384
384
408
428
476
484
360
416
428
364
392
440
432
468
432
444
428
484
376
356
400
336
336
288
268
280
256
320
256
260
236
224
232
252
284
244
280
268
296
344
376
404
328
372
408
404
416
392
452
472
504
500
528
588
604
640
528
496
452
440
388
388
384
396
412
400
492
408
400
452
452
456
420
420
396
400
456
380
428
428
496
444
484
408
416
436
372
420
460
448
444
440
464
484
536
468
456
416
412
436
432
380
384
384
392
384
436
424
452
428
412
440
408
436
480
448
424
480
508
548
508
464
400
376
428
408
464
448
476
476
432
468
512
476
576
560
576
548
556
500
