204
138
400
138
378
264
732
156
376
260
654
264
616
434
1094
196
360
276
556
248
484
356
780
284
480
412
724
448
628
568
832
448
544
464
560
484
548
504
524
488
516
484
512
528
504
480
504
436
372
448
372
376
388
420
412
388
380
308
300
344
336
384
380
416
396
408
360
444
372
332
300
288
284
320
296
292
276
256
240
220
256
212
208
212
192
196
168
184
160
144
128
120
116
128
124
124
132
132
148
148
180
148
148
0
0
0
0
0
0
0
0
0
0
0
0
0
0
0
0
0
0
0
0
0
0
0
0
0
0
0
0
0
0
0
0
0
0
0
0
0
0
0
0
0
0
0
0
0
0
0
0
0
0
0
0
0
0
0
0
0
0
0
0
0
0
0
0
0
0
0
0
0
0
0
0
0
0
0
0
0
0
0
0
0
0
0
0
0
0
0
0
0
0
0
0
0
0
0
0
0
