2
200
0
398
8
364
0
716
28
346
16
614
42
566
28
1048
52
308
40
492
56
404
40
688
68
352
88
556
184
416
180
636
156
352
132
280
172
244
192
268
196
224
184
216
260
216
192
236
228
120
200
136
116
100
144
176
140
176
100
68
116
84
144
140
196
164
200
120
228
172
172
144
136
84
136
124
132
112
112
92
60
116
80
76
80
68
76
56
84
64
52
48
32
24
40
40
32
40
24
56
24
88
56
0
0
0
0
0
0
0
0
0
0
0
0
0
0
0
0
0
0
0
0
0
0
0
0
0
0
0
0
0
0
0
0
0
0
0
0
0
0
0
0
0
0
0
0
0
0
0
0
0
0
0
0
0
0
0
0
0
0
0
0
0
0
0
0
0
0
0
0
0
0
0
0
0
0
0
0
0
0
0
0
0
0
0
0
0
0
0
0
0
0
0
0
0
0
0
0
0
