2
170
0
338
8
304
0
596
28
286
16
494
42
446
28
808
52
248
40
372
56
284
40
448
68
232
88
316
184
176
180
140
120
216
84
200
120
256
152
152
176
124
108
160
152
132
140
160
144
116
116
88
88
32
88
80
60
52
36
80
44
88
28
12
16
8
44
16
36
20
44
24
64
44
56
60
32
60
28
40
20
28
12
32
32
44
68
32
136
48
72
56
84
44
80
96
96
72
80
92
76
72
68
84
108
44
96
68
80
72
60
100
84
72
84
68
52
76
80
72
76
84
36
136
92
132
84
76
76
152
88
120
68
116
96
52
52
76
28
120
32
56
64
48
92
36
100
56
60
56
64
44
76
136
76
88
128
60
68
64
96
108
76
60
116
44
108
88
108
40
68
44
44
24
32
28
28
16
12
44
48
60
44
60
32
44
36
40
24
4
28
16
24
12
36
48
16
36
28
32
