2
80
0
158
8
124
0
236
28
106
16
134
42
86
28
88
48
80
56
60
36
44
24
48
28
32
24
20
16
12
16
0
24
12
32
24
28
40
24
48
40
32
44
28
24
20
16
40
24
20
56
36
16
32
44
20
68
24
84
48
32
16
32
56
44
60
24
28
44
8
60
36
28
16
12
20
16
44
60
56
28
20
16
0
0
32
0
72
0
116
8
72
8
44
32
76
24
88
32
20
48
40
24
16
0
0
0
0
0
0
0
0
0
0
0
0
0
0
0
0
0
0
0
0
0
0
0
0
0
0
0
0
0
0
0
0
0
0
0
0
0
0
0
0
0
0
0
0
0
0
0
0
0
0
0
0
0
0
0
0
0
0
0
0
0
0
0
0
0
0
0
0
0
0
0
0
0
0
0
0
0
0
0
0
0
0
0
0
0
0
0
0
0
0
0
0
0
0
0
0
