2
140
0
278
8
244
0
476
28
226
16
374
42
326
28
568
52
188
40
252
56
164
40
208
68
128
88
116
152
88
144
140
104
220
96
84
32
112
56
88
68
40
96
64
60
84
52
100
56
40
36
16
16
0
32
0
64
32
32
44
40
44
36
40
24
68
40
108
60
68
56
88
60
120
76
76
84
88
100
104
88
76
88
72
60
132
100
68
120
116
116
128
104
52
64
28
76
16
132
56
52
16
12
8
0
0
0
0
0
0
0
0
0
0
0
0
0
0
0
0
0
0
0
0
0
0
0
0
0
0
0
0
0
0
0
0
0
0
0
0
0
0
0
0
0
0
0
0
0
0
0
0
0
0
0
0
0
0
0
0
0
0
0
0
0
0
0
0
0
0
0
0
0
0
0
0
0
0
0
0
0
0
0
0
0
0
0
0
0
0
0
0
0
0
0
0
0
0
0
0
