2
230
0
458
8
424
0
836
28
406
16
734
42
686
28
1288
52
368
40
612
56
524
40
928
68
472
88
796
184
656
180
1116
156
412
132
400
180
312
192
368
228
304
192
276
284
224
232
228
248
128
260
152
208
108
188
136
156
148
148
164
136
120
88
100
112
184
256
124
172
184
140
132
180
172
204
180
220
120
252
144
116
196
140
172
124
100
112
60
156
80
104
92
64
80
96
140
72
92
80
96
120
132
204
128
128
168
144
180
116
160
160
176
184
176
252
288
328
272
268
200
212
164
136
96
124
160
100
220
164
156
152
156
212
180
152
136
140
204
108
184
156
212
152
292
172
172
228
148
164
176
192
192
160
184
200
244
208
248
160
172
184
224
124
168
140
144
108
156
124
160
156
132
184
136
140
192
172
124
144
176
240
240
220
128
96
168
104
164
172
204
212
152
132
196
108
256
204
272
220
264
